set_prolog_flag(stack_limit, 34_359_738_368).
true.

?- n_task4.
iteration_number  10

tp[0,0,0,0,0,0,0,1,4,0]
tn[0,0,0,0,0,0,0,0,0,2]
fp[0,0,0,0,0,0,0,0,2,0]
fn[0,0,0,0,0,0,0,0,0,1]
[0,0,0,0,0,0,0,100,66.66666666666666,66.66666666666666]
iteration_number  100

tp[0,0,0,0,0,1,2,5,28,0]
tn[0,0,0,0,0,0,0,0,0,34]
fp[0,0,0,0,0,0,0,0,19,0]
fn[0,0,0,0,0,0,0,0,0,11]
[0,0,0,0,0,100,100,100,59.57446808510638,75.55555555555556]
iteration_number  1000

tp[0,0,0,0,0,5,26,50,307,0]
tn[0,0,0,0,0,0,0,0,0,364]
fp[0,0,0,0,0,0,1,1,129,0]
fn[0,0,0,0,0,0,0,0,0,117]
[0,0,0,0,0,100,96.29629629629629,98.0392156862745,70.41284403669725,75.67567567567568]
iteration_number  10000

tp[1,0,5,13,24,32,221,418,3054,0]
tn[0,0,0,0,0,0,0,0,0,3755]
fp[0,0,0,0,0,1,5,21,1249,0]
fn[0,0,0,0,0,0,0,0,0,1201]
[100,0,100,100,100,96.96969696969697,97.78761061946902,95.21640091116174,70.97373925168488,75.76674737691687]
iteration_number  100000

tp[0,0,22,148,172,332,2053,4565,30193,0]
tn[0,0,0,0,0,0,0,0,0,37407]
fp[0,0,0,1,0,0,44,216,12142,0]
fn[0,0,0,0,0,0,0,0,0,12705]
[0,0,100,99.32885906040269,100,100,97.90176442536958,95.48211671198494,71.31923940002363,74.64679118773945